1541447689.5879333 126.795380028
1541447692.977175 114.05287128
1541447696.497934 109.74971858
1541447699.892524 103.119729414
1541447703.274981 100.548160638
1541447706.657648 103.652346886
1541447710.0403004 102.555577838
1541447713.4274318 105.425452027
1541447716.8159354 102.031525208
1541447720.1976852 102.102445173
1541447723.5832024 104.193231405
1541447726.9681907 99.9330521991
1541447730.3591523 109.487000522
1541447733.7468212 106.151161417
1541447737.1277003 103.616746275
1541447740.5197568 90.045996732
1541447743.9110928 107.960911455
1541447747.298449 102.772546471
1541447750.6780086 76.2104194481
1541447754.0676315 109.911855929
1541447757.462139 102.494457222
1541447760.8614008 116.859340532
1541447764.239682 98.9087465853
1541447767.6255438 105.384244517
1541447771.01434 111.519846244
1541447774.4038897 99.7830616068
1541447777.781508 102.380049027
1541447781.1797826 115.279222353
1541447784.5747159 103.84713234
1541447787.9581945 103.719947565
1541447791.3534708 121.813346126
1541447794.7419577 104.019677687
1541447798.1262832 106.142758822
1541447801.5108483 105.30112716
1541447804.8970628 110.700971051
1541447808.284193 101.192183516
1541447811.6678998 89.3877870195
1541447815.0461345 100.385298922
1541447818.4537184 105.826949217
1541447821.8171992 106.605849855
1541447825.2004838 102.612200836
1541447828.5813718 105.91544435
1541447831.9669604 99.9647628003
1541447835.3562238 99.7257992926
1541447838.744849 101.250508773
1541447842.118449 106.026352194
1541447845.5071003 104.349037176
1541447848.8948376 107.404104744
1541447852.2788646 114.558455195
1541447855.6623373 107.583193887
1541447859.0578985 108.772450061
1541447862.4486957 100.196253451
1541447865.8361757 106.213274772
1541447869.2147985 102.115031266
1541447872.5998058 105.72917647
1541447875.9939399 104.997458576
1541447879.3985617 108.177053331
1541447882.7697585 102.727780113
1541447886.164673 101.028762075
1541447889.5595143 103.818096582
1541447892.9434185 102.579653102
1541447896.3219454 105.820190995
1541447899.708024 102.607409545
1541447903.0941417 108.955501194
1541447906.47426 111.32513049
1541447909.8564522 103.321443223
1541447913.2390022 98.2507626311
1541447916.625979 107.041536244
1541447920.0077288 103.29675922
1541447923.3871424 102.42924736
1541447926.7709496 98.6837691072
1541447930.1610258 102.906077688
1541447933.537055 104.536186627
1541447936.930004 104.106060222
1541447940.3396764 103.743253876
1541447943.722197 101.742098944
1541447947.1022806 98.1690949903
1541447950.488776 101.723843923
1541447953.8779552 103.224794262
1541447957.2742722 100.872648883
1541447960.6581402 103.398924413
1541447964.050681 104.928412684
1541447967.4450758 105.408949382
1541447970.8281465 100.242927026
1541447974.211952 105.011483777
1541447977.6042645 105.681732173
1541447980.9911177 107.005084753
1541447984.369066 102.307430681
1541447987.7535372 100.684325831
1541447991.1458092 104.908068104
1541447994.5344281 105.184540715
1541447997.91501 107.447783959
1541448001.296054 104.318834132
1541448004.6873865 104.112898091
1541448008.076462 102.081515625
1541448011.4495978 106.084859108
1541448014.8314812 102.196451326
1541448018.2180696 99.6018074629
1541448021.6054828 101.204412594
1541448024.9860332 103.195888629
1541448028.3761203 107.236780453
1541448031.7565086 106.65780917
1541448035.1410656 108.043973332
1541448038.5224621 103.666440146
1541448041.9092422 101.952019345
1541448045.2917051 104.527683077
1541448048.6834884 102.955885083
1541448052.0610957 105.494342681
1541448055.440914 105.871398925
1541448058.8423238 104.931082772
1541448062.2105162 99.9723226198
1541448065.5962052 104.269770319
1541448068.9815383 102.648273198
1541448072.3666246 102.269850084
1541448075.754833 105.930162912
1541448079.1345716 101.241199446
1541448082.5268226 106.361025535
1541448085.9155047 104.379547649
1541448089.2926579 99.5873638655
1541448092.6756356 102.164859904
1541448096.0663693 103.188963929
1541448099.4561486 102.13858975
1541448102.837211 100.93882237
1541448106.2217376 101.927752584
1541448109.6079667 104.778773976
1541448112.999697 107.619931133
1541448116.3727105 104.527809801
1541448119.7835495 105.77217008
1541448123.1603858 103.142511108
1541448126.5525844 99.0771053884
1541448129.9376323 104.649209864
1541448133.3164008 105.420890466
1541448136.7026534 99.6563050788
1541448140.0914946 100.492354065
1541448143.4759789 101.876514465
1541448146.8581457 100.95663615
1541448150.242483 89.539700587
1541448153.6334167 107.610393241
1541448157.0163546 102.540221329
1541448160.3978982 113.664889352
1541448163.780542 100.303152114
1541448167.1741524 101.874412359
1541448170.5624082 92.5690260842
1541448173.9383893 108.194069158
1541448177.3256721 104.700593782
1541448180.7273133 94.1226231393
1541448184.113544 102.689095016
1541448187.490303 101.958379948
1541448190.8788378 110.912423497
1541448194.2642498 103.040349193
1541448197.6458104 105.566115729
1541448201.0249426 105.058265237
1541448204.4207752 101.597567897
1541448207.8112564 104.830639751
1541448211.198683 94.5777509542
1541448214.5771923 103.990662353
1541448217.967709 106.051325023
1541448221.3559144 105.522872621
1541448224.7300022 104.760075894
1541448228.1269085 105.890237069
1541448231.5195286 103.768263991
1541448234.9012933 102.909226581
1541448238.2867522 106.04302577
1541448241.663905 92.0518822725
1541448245.0515742 106.249611108
1541448248.438687 99.3121140024
1541448251.8198636 107.84887823
1541448255.2066166 111.201649886
1541448258.5947113 101.230634217
1541448261.9719696 102.34356913
1541448265.3522255 104.337914889
1541448268.73831 106.938341131
1541448272.1269443 101.273595587
1541448275.514111 103.92072236
1541448278.8945394 106.280420048
1541448282.2900286 101.998088914
1541448285.6810513 106.018957598
1541448289.0670326 108.154071566
1541448292.4458196 104.32139684
1541448295.8324075 106.213274772
1541448299.2391677 105.582570051
1541448302.6055577 102.174431388
1541448305.9903076 102.674531674
1541448309.374843 104.171888608
1541448312.766497 107.252445628
1541448316.1400647 105.28368663
1541448319.522432 106.393276873
1541448322.9079874 102.282886072
1541448326.2954721 105.744646227
1541448329.6767867 105.527914677
1541448333.0623767 106.195317266
1541448336.4507048 103.814726635
1541448339.8336415 109.985213816
1541448343.2155728 106.032494951
1541448346.590934 106.209933656
1541448349.977023 101.909396857
1541448353.3650622 104.753491935
1541448356.7422287 103.484275269
1541448360.1541226 104.215478888
1541448363.5425954 101.626212935
1541448366.930059 104.648402584
1541448370.3100982 100.082535217
1541448373.711131 103.959875623
1541448377.096367 102.248968362
1541448380.4859304 105.930041161
1541448383.8610628 108.050501554
1541448387.2596939 103.620646987
1541448390.6487975 105.918740821
1541448394.0361211 101.244843167
